20
70709554 71991172 45894616 463883567
581564031 69686911 21649223 388230532
512468593 87683821 164381019 559370804
231804742 56909511 407563356 733985809
669758713 870626 375747159 421163020
808168286 167629390 88830714 473518135
237355552 123498475 24070421 78968740
60102758 22416325 476180365 580853140
187434736 117195013 462135378 581024239
548080336 332180254 78776065 193836818
816003913 88041011 113193668 115093813
247011 434499913 44298059 194701599
65240510 31030579 291351321 727069400
22693049 62205521 379308613 642809922
188212576 2307361 6149450 98730417
32647681 43668955 199207761 355608487
751574734 10142380 275410271 649369002
354217456 20870695 435995763 923896203
20913372 328888639 22214146 156354020
121801861 272812123 264590418 384920115
